       N       E                     dE             d eps       ncg     rms          rms(c)
DAV:   1    -0.218153555886E+02   -0.21815E+02   -0.54413E-05  4344   0.538E-02
DAV:   2    -0.218153556418E+02   -0.53197E-07   -0.53203E-07  4116   0.339E-03
DAV:   3    -0.218153556420E+02   -0.27194E-09   -0.26529E-09  3924   0.258E-04
   1 F= -.21815356E+02 E0= -.21815356E+02  d E =-.668304E-11
